1977.88 2.99246e-07
1977.96 2.99719e-07
1978.04 3.00143e-07
1978.12 3.00407e-07
1978.21 3.00401e-07
1978.29 3.00278e-07
1978.38 3.00086e-07
1978.46 2.99848e-07
1978.54 2.99732e-07
1978.62 2.9977e-07
1978.71 2.99863e-07
1978.79 3.00011e-07
1978.88 3.00172e-07
1978.96 3.00254e-07
1979.04 3.00256e-07
1979.12 3.00239e-07
1979.21 3.00224e-07
1979.29 3.00252e-07
1979.38 3.00357e-07
1979.46 3.00553e-07
1979.54 3.00873e-07
1979.62 3.01252e-07
1979.71 3.01558e-07
1979.79 3.01755e-07
1979.88 3.0193e-07
1979.96 3.02041e-07
1980.04 3.01987e-07
1980.12 3.01756e-07
1980.21 3.01424e-07
1980.29 3.01104e-07
1980.38 3.00924e-07
1980.46 3.00956e-07
1980.54 3.0112e-07
1980.62 3.01223e-07
1980.71 3.01084e-07
1980.79 3.00686e-07
1980.88 3.00322e-07
1980.96 3.00364e-07
1981.04 3.00839e-07
1981.12 3.01451e-07
1981.21 3.01854e-07
1981.29 3.01971e-07
1981.38 3.01988e-07
1981.46 3.02083e-07
1981.54 3.02194e-07
1981.62 3.02246e-07
1981.71 3.02276e-07
1981.79 3.02334e-07
1981.88 3.02352e-07
1981.96 3.02232e-07
1982.04 3.02078e-07
1982.12 3.02138e-07
1982.21 3.02486e-07
1982.29 3.02951e-07
1982.38 3.03367e-07
1982.46 3.03613e-07
1982.54 3.03693e-07
1982.62 3.03684e-07
1982.71 3.0363e-07
1982.79 3.03516e-07
1982.88 3.03415e-07
1982.96 3.03424e-07
1983.04 3.03521e-07
1983.12 3.03587e-07
1983.21 3.03505e-07
1983.29 3.03383e-07
1983.38 3.03462e-07
1983.46 3.03752e-07
1983.54 3.04033e-07
1983.62 3.04144e-07
1983.71 3.04054e-07
1983.79 3.03862e-07
1983.88 3.03778e-07
1983.96 3.03886e-07
1984.04 3.04094e-07
1984.12 3.04273e-07
1984.21 3.0435e-07
1984.29 3.04376e-07
1984.38 3.04432e-07
1984.46 3.04554e-07
1984.54 3.04713e-07
1984.62 3.04835e-07
1984.71 3.04861e-07
1984.79 3.0494e-07
1984.88 3.05263e-07
1984.96 3.05648e-07
1985.04 3.05732e-07
1985.12 3.05466e-07
1985.21 3.05093e-07
1985.29 3.0482e-07
1985.38 3.04747e-07
1985.46 3.04797e-07
1985.54 3.04832e-07
1985.62 3.04934e-07
1985.71 3.05259e-07
1985.79 3.05674e-07
1985.88 3.05896e-07
1985.96 3.05877e-07
1986.04 3.05793e-07
1986.12 3.0577e-07
1986.21 3.05838e-07
1986.29 3.05991e-07
1986.38 3.06222e-07
1986.46 3.06501e-07
1986.54 3.06786e-07
1986.62 3.06969e-07
1986.71 3.0699e-07
1986.79 3.06897e-07
1986.88 3.06763e-07
1986.96 3.0661e-07
1987.04 3.06424e-07
1987.12 3.06221e-07
1987.21 3.06044e-07
1987.29 3.05801e-07
1987.38 3.05739e-07
1987.46 3.05787e-07
1987.54 3.05836e-07
1987.62 3.05792e-07
1987.71 3.05949e-07
1987.79 3.06245e-07
1987.88 3.06533e-07
1987.96 3.06719e-07
1988.04 3.06814e-07
1988.12 3.0675e-07
1988.21 3.06525e-07
1988.29 3.06395e-07
1988.38 3.06285e-07
1988.46 3.06272e-07
1988.54 3.06389e-07
1988.62 3.06467e-07
1988.71 3.06534e-07
1988.79 3.06853e-07
1988.88 3.07238e-07
1988.96 3.07512e-07
1989.04 3.07701e-07
1989.12 3.0782e-07
1989.21 3.07831e-07
1989.29 3.07786e-07
1989.38 3.07709e-07
1989.46 3.07658e-07
1989.54 3.07685e-07
1989.62 3.0774e-07
1989.71 3.07859e-07
1989.79 3.08066e-07
1989.88 3.0841e-07
1989.96 3.0881e-07
1990.04 3.09055e-07
1990.12 3.09019e-07
1990.21 3.08823e-07
1990.29 3.08482e-07
1990.38 3.08243e-07
1990.46 3.08129e-07
1990.54 3.08267e-07
1990.62 3.08501e-07
1990.71 3.08839e-07
1990.79 3.09018e-07
1990.88 3.09169e-07
1990.96 3.09257e-07
1991.04 3.09489e-07
1991.12 3.09643e-07
1991.21 3.09526e-07
1991.29 3.09354e-07
1991.38 3.09109e-07
1991.46 3.08975e-07
1991.54 3.08949e-07
1991.62 3.09091e-07
1991.71 3.09242e-07
1991.79 3.094e-07
1991.88 3.09529e-07
1991.96 3.09708e-07
1992.04 3.09985e-07
1992.12 3.10118e-07
1992.21 3.10031e-07
1992.29 3.09872e-07
1992.38 3.09771e-07
1992.46 3.09709e-07
1992.54 3.09747e-07
1992.62 3.09811e-07
1992.71 3.09848e-07
1992.79 3.09852e-07
1992.88 3.09963e-07
1992.96 3.10096e-07
1993.04 3.10232e-07
1993.12 3.10368e-07
1993.21 3.1046e-07
1993.29 3.10292e-07
1993.38 3.10059e-07
1993.46 3.09938e-07
1993.54 3.09997e-07
1993.62 3.10039e-07
1993.71 3.10118e-07
1993.79 3.10167e-07
1993.88 3.10298e-07
1993.96 3.10474e-07
1994.04 3.10669e-07
1994.12 3.10829e-07
1994.21 3.10978e-07
1994.29 3.10954e-07
1994.38 3.10881e-07
1994.46 3.10885e-07
1994.54 3.10899e-07
1994.62 3.10845e-07
1994.71 3.10912e-07
1994.79 3.10887e-07
1994.88 3.10761e-07
1994.96 3.10821e-07
1995.04 3.10951e-07
1995.12 3.11034e-07
1995.21 3.11113e-07
1995.29 3.11127e-07
1995.38 3.11068e-07
1995.46 3.10964e-07
1995.54 3.10852e-07
1995.62 3.10882e-07
1995.71 3.10976e-07
1995.79 3.11203e-07
1995.88 3.11309e-07
1995.96 3.11493e-07
1996.04 3.11457e-07
1996.12 3.11723e-07
1996.21 3.11603e-07
1996.29 3.11476e-07
1996.38 3.11607e-07
1996.46 3.11804e-07
1996.54 3.11957e-07
1996.62 3.12088e-07
1996.71 3.12085e-07
1996.79 3.12103e-07
1996.88 3.12308e-07
1996.96 3.12513e-07
1997.29 3.12874e-07
1997.38 3.12821e-07
1997.46 3.12787e-07
1997.54 3.12757e-07
1997.62 3.12794e-07
1997.71 3.1279e-07
1997.79 3.13026e-07
1997.88 3.13026e-07
1997.96 3.13182e-07
1998.04 3.13327e-07
1998.12 3.13334e-07
1998.21 3.13199e-07
1998.29 3.13149e-07
1998.38 3.13215e-07
1998.46 3.13309e-07
1998.54 3.13348e-07
1998.62 3.13466e-07
1998.71 3.13599e-07
1998.79 3.13735e-07
1998.88 3.13907e-07
1998.96 3.14092e-07
1999.04 3.14168e-07
1999.12 3.14193e-07
1999.21 3.14171e-07
1999.29 3.14184e-07
1999.38 3.14142e-07
1999.46 3.1417e-07
1999.54 3.14232e-07
1999.62 3.14291e-07
1999.71 3.14402e-07
1999.79 3.14693e-07
1999.88 3.14942e-07
1999.96 3.15098e-07
2000.04 3.152e-07
2000.12 3.15274e-07
2000.21 3.15291e-07
2000.29 3.15346e-07
2000.38 3.15338e-07
2000.46 3.15428e-07
2000.54 3.1553e-07
2000.62 3.15639e-07
2000.71 3.15731e-07
2000.79 3.15929e-07
2000.88 3.16051e-07
2000.96 3.16155e-07
2001.04 3.16241e-07
2001.12 3.16293e-07
2001.21 3.16207e-07
2001.29 3.16107e-07
2001.38 3.16019e-07
2001.46 3.16077e-07
2001.54 3.1619e-07
2001.62 3.16298e-07
2001.71 3.16379e-07
2001.79 3.1655e-07
2001.88 3.16749e-07
2001.96 3.16903e-07
2002.04 3.16935e-07
2002.12 3.16969e-07
2002.21 3.16933e-07
2002.29 3.16901e-07
2002.38 3.1681e-07
2002.46 3.16868e-07
2002.54 3.16926e-07
2002.62 3.16973e-07
2002.71 3.16971e-07
2002.79 3.17082e-07
2002.88 3.17204e-07
2002.96 3.1726e-07
2003.04 3.17254e-07
2003.12 3.17288e-07
2003.21 3.17396e-07
2003.29 3.17522e-07
2003.38 3.17507e-07
2003.46 3.17541e-07
2003.54 3.17606e-07
2003.62 3.1767e-07
2003.71 3.17751e-07
2003.79 3.17918e-07
2003.88 3.18068e-07
2003.96 3.18154e-07
2004.04 3.18188e-07
2004.12 3.18158e-07
2004.21 3.18148e-07
2004.29 3.18084e-07
2004.38 3.18045e-07
2004.46 3.18031e-07
2004.54 3.18091e-07
2004.62 3.18156e-07
2004.71 3.18202e-07
2004.79 3.18395e-07
2004.88 3.18608e-07
2004.96 3.18791e-07
2005.04 3.18826e-07
2005.12 3.18845e-07
2005.21 3.18836e-07
2005.29 3.18852e-07
2005.38 3.188e-07
2005.46 3.18699e-07
2005.54 3.18715e-07
2005.62 3.18849e-07
2005.71 3.19019e-07
2005.79 3.19216e-07
2005.88 3.19484e-07
2005.96 3.19645e-07
2006.04 3.19768e-07
2006.12 3.19886e-07
2006.21 3.19864e-07
2006.29 3.19752e-07
2006.38 3.19778e-07
2006.46 3.19792e-07
2006.54 3.19781e-07
2006.62 3.19858e-07
2006.71 3.19975e-07
2006.79 3.20071e-07
2006.88 3.20244e-07
2006.96 3.20381e-07
2007.04 3.20496e-07
2007.12 3.20505e-07
2007.21 3.20496e-07
2007.29 3.20425e-07
2007.38 3.20404e-07
2007.46 3.20339e-07
2007.54 3.20349e-07
2007.62 3.204e-07
2007.71 3.20591e-07
2007.79 3.20833e-07
2007.88 3.21067e-07
2007.96 3.21221e-07
2008.04 3.21326e-07
2008.12 3.2133e-07
2008.21 3.21294e-07
2008.29 3.2137e-07
2008.38 3.21446e-07
2008.46 3.21467e-07
2008.54 3.21396e-07
2008.62 3.21404e-07
2008.71 3.21499e-07
2008.79 3.21769e-07
2008.88 3.22003e-07
2008.96 3.2217e-07
2009.04 3.22212e-07
2009.12 3.22164e-07
2009.21 3.22033e-07
2009.29 3.22037e-07
2009.38 3.22035e-07
2009.46 3.22034e-07
2009.54 3.2209e-07
2009.62 3.22199e-07
2009.71 3.22255e-07
2009.79 3.22448e-07
2009.88 3.22643e-07
2009.96 3.22753e-07
2010.04 3.22777e-07
2010.12 3.22794e-07
2010.21 3.22725e-07
2010.29 3.22689e-07
2010.38 3.22732e-07
2010.46 3.22768e-07
2010.54 3.22837e-07
2010.62 3.23029e-07
2010.71 3.23221e-07
2010.79 3.23447e-07
2010.88 3.23635e-07
2010.96 3.23856e-07
2011.04 3.2406e-07
2011.12 3.24058e-07
2011.21 3.23987e-07
2011.29 3.24026e-07
2011.38 3.24017e-07
2011.46 3.24038e-07
2011.54 3.24042e-07
2011.62 3.24149e-07
2011.71 3.24253e-07
2011.79 3.24436e-07
2011.88 3.24604e-07
2011.96 3.24806e-07
2012.04 3.24882e-07
2012.12 3.24865e-07
2012.21 3.24855e-07
2012.29 3.24909e-07
2012.38 3.24923e-07
2012.46 3.2484e-07
2012.54 3.24871e-07
2012.62 3.24947e-07
2012.71 3.25053e-07
2012.79 3.25193e-07
2012.88 3.25338e-07
2012.96 3.25461e-07
2013.04 3.25561e-07
2013.12 3.25594e-07
2013.21 3.25617e-07
2013.29 3.25726e-07
2013.38 3.25783e-07
2013.46 3.25796e-07
2013.54 3.25869e-07
2013.62 3.25967e-07
2013.71 3.26065e-07
2013.79 3.26211e-07
2013.88 3.26345e-07
2013.96 3.26488e-07
2014.04 3.26599e-07
2014.12 3.26694e-07
2014.21 3.26674e-07
2014.29 3.2668e-07
2014.38 3.26687e-07
2014.46 3.26858e-07
2014.54 3.2701e-07
2014.62 3.27158e-07
2014.71 3.27331e-07
2014.79 3.27543e-07
2014.88 3.27688e-07
2014.96 3.27811e-07
2015.04 3.27966e-07
2015.12 3.27988e-07
2015.21 3.28037e-07
2015.29 3.2799e-07
2015.38 3.27904e-07
2015.46 3.27844e-07
2015.54 3.27926e-07
2015.62 3.28008e-07
2015.71 3.28199e-07
2015.79 3.28434e-07
2015.88 3.28584e-07
2015.96 3.28676e-07
2016.04 3.28772e-07
2016.12 3.28838e-07
2016.21 3.28849e-07
2016.29 3.28826e-07
2016.38 3.28842e-07
2016.46 3.28925e-07
2016.54 3.28899e-07
2016.62 3.2876e-07
2016.71 3.28852e-07
2016.79 3.29075e-07
2016.88 3.29267e-07
2016.96 3.29329e-07
2017.04 3.29441e-07
2017.12 3.29442e-07
2017.21 3.29477e-07
2017.29 3.29526e-07
2017.38 3.29582e-07
2017.46 3.29633e-07
2017.54 3.29641e-07
2017.62 3.29741e-07
2017.71 3.29895e-07
2017.79 3.301e-07
2017.88 3.30197e-07
2017.96 3.30291e-07
2018.04 3.30477e-07
2018.12 3.306e-07
2018.21 3.30646e-07
2018.29 3.30619e-07
2018.38 3.30697e-07
2018.46 3.30649e-07
2018.54 3.30635e-07
2018.62 3.30753e-07
2018.71 3.31017e-07
2018.79 3.31219e-07
2018.88 3.31433e-07
2018.96 3.3165e-07
2019.04 3.31764e-07
2019.12 3.31709e-07
2019.21 3.31617e-07
2019.29 3.31622e-07
2019.38 3.31668e-07
2019.46 3.31701e-07
2019.54 3.3175e-07
2019.62 3.31785e-07
2019.71 3.3188e-07
2019.79 3.32073e-07
2019.88 3.32258e-07
2019.96 3.32426e-07
2020.04 3.32517e-07
2020.12 3.32627e-07
2020.21 3.32674e-07
2020.29 3.32745e-07
2020.38 3.32726e-07
2020.46 3.32809e-07
2020.54 3.32983e-07
2020.62 3.33221e-07
2020.71 3.33381e-07
2020.79 3.33506e-07
2020.88 3.33669e-07
2020.96 3.33828e-07
2021.04 3.33973e-07
2021.12 3.34057e-07
2021.21 3.34095e-07
2021.29 3.34094e-07
2021.38 3.3411e-07
2021.46 3.34115e-07
2021.54 3.3417e-07
2021.62 3.34293e-07
2021.71 3.34466e-07
2021.79 3.34633e-07
2021.88 3.34857e-07
2021.96 3.35104e-07
2022.04 3.35302e-07
2022.12 3.3539e-07
2022.21 3.35572e-07
2022.29 3.35612e-07
2022.38 3.35584e-07
2022.46 3.35545e-07
2022.54 3.35576e-07
2022.62 3.35674e-07
2022.71 3.35841e-07
2022.79 3.35935e-07
2022.88 3.36138e-07
2022.96 3.36367e-07
2023.04 3.36541e-07
2023.12 3.36678e-07
2023.21 3.36807e-07
