1994.96 3.329e-12
1995.04 3.334e-12
1995.12 3.39e-12
1995.21 3.391e-12
1995.29 3.423e-12
1995.38 3.464e-12
1995.46 3.438e-12
1995.54 3.453e-12
1995.62 3.475e-12
1995.71 3.478e-12
1995.79 3.516e-12
1995.88 3.571e-12
1995.96 3.61e-12
1996.04 3.622e-12
1996.12 3.665e-12
1996.21 3.666e-12
1996.29 3.641e-12
1996.38 3.668e-12
1996.46 3.696e-12
1996.54 3.706e-12
1996.62 3.708e-12
1996.71 3.728e-12
1996.79 3.735e-12
1996.88 3.775e-12
1996.96 3.826e-12
1997.04 3.871e-12
1997.12 3.865e-12
1997.21 3.863e-12
1997.29 3.915e-12
1997.38 3.947e-12
1997.46 3.969e-12
1997.54 3.981e-12
1997.62 4.005e-12
1997.71 4.019e-12
1997.79 4.05e-12
1997.88 4.061e-12
1997.96 4.094e-12
1998.04 4.096e-12
1998.12 4.116e-12
1998.21 4.128e-12
1998.29 4.154e-12
1998.38 4.185e-12
1998.46 4.194e-12
1998.54 4.193e-12
1998.62 4.221e-12
1998.71 4.252e-12
1998.79 4.266e-12
1998.88 4.281e-12
1998.96 4.304e-12
1999.04 4.318e-12
1999.12 4.334e-12
1999.21 4.344e-12
1999.29 4.352e-12
1999.38 4.357e-12
1999.46 4.367e-12
1999.54 4.379e-12
1999.62 4.399e-12
1999.71 4.412e-12
1999.79 4.427e-12
1999.88 4.451e-12
1999.96 4.476e-12
2000.04 4.487e-12
2000.12 4.504e-12
2000.21 4.522e-12
2000.29 4.529e-12
2000.38 4.556e-12
2000.46 4.575e-12
2000.54 4.596e-12
2000.62 4.61e-12
2000.71 4.629e-12
2000.79 4.647e-12
2000.88 4.663e-12
2000.96 4.676e-12
2001.04 4.691e-12
2001.12 4.71e-12
2001.21 4.735e-12
2001.29 4.746e-12
2001.38 4.759e-12
2001.46 4.769e-12
2001.54 4.778e-12
2001.62 4.793e-12
2001.71 4.823e-12
2001.79 4.842e-12
2001.88 4.867e-12
2001.96 4.89e-12
2002.04 4.908e-12
2002.12 4.926e-12
2002.21 4.944e-12
2002.29 4.961e-12
2002.38 4.969e-12
2002.46 4.979e-12
2002.54 4.992e-12
2002.62 5.006e-12
2002.71 5.028e-12
2002.79 5.048e-12
2002.88 5.072e-12
2002.96 5.094e-12
2003.04 5.116e-12
2003.12 5.131e-12
2003.21 5.15e-12
2003.29 5.18e-12
2003.38 5.208e-12
2003.46 5.224e-12
2003.54 5.228e-12
2003.62 5.251e-12
2003.71 5.269e-12
2003.79 5.289e-12
2003.88 5.315e-12
2003.96 5.339e-12
2004.04 5.349e-12
2004.12 5.378e-12
2004.21 5.402e-12
2004.29 5.419e-12
2004.38 5.431e-12
2004.46 5.439e-12
2004.54 5.46e-12
2004.62 5.479e-12
2004.71 5.494e-12
2004.79 5.518e-12
2004.88 5.548e-12
2004.96 5.56e-12
2005.04 5.572e-12
2005.12 5.598e-12
2005.21 5.626e-12
2005.29 5.636e-12
2005.38 5.649e-12
2005.46 5.665e-12
2005.54 5.673e-12
2005.62 5.685e-12
2005.71 5.715e-12
2005.79 5.738e-12
2005.88 5.763e-12
2005.96 5.797e-12
2006.04 5.824e-12
2006.12 5.834e-12
2006.21 5.846e-12
2006.29 5.866e-12
2006.38 5.886e-12
2006.46 5.899e-12
2006.54 5.907e-12
2006.62 5.926e-12
2006.71 5.956e-12
2006.79 5.981e-12
2006.88 6.008e-12
2006.96 6.033e-12
2007.04 6.064e-12
2007.12 6.085e-12
2007.21 6.114e-12
2007.29 6.141e-12
2007.38 6.164e-12
2007.46 6.175e-12
2007.54 6.187e-12
2007.62 6.203e-12
2007.71 6.232e-12
2007.79 6.264e-12
2007.88 6.292e-12
2007.96 6.325e-12
2008.04 6.347e-12
2008.12 6.363e-12
2008.21 6.383e-12
2008.29 6.417e-12
2008.38 6.446e-12
2008.46 6.464e-12
2008.54 6.478e-12
2008.62 6.499e-12
2008.71 6.53e-12
2008.79 6.562e-12
2008.88 6.596e-12
2008.96 6.623e-12
2009.04 6.644e-12
2009.12 6.66e-12
2009.21 6.681e-12
2009.29 6.707e-12
2009.38 6.731e-12
2009.46 6.744e-12
2009.54 6.757e-12
2009.62 6.781e-12
2009.71 6.806e-12
2009.79 6.837e-12
2009.88 6.869e-12
2009.96 6.902e-12
2010.04 6.934e-12
2010.12 6.963e-12
2010.21 6.984e-12
2010.29 7.007e-12
2010.38 7.027e-12
2010.46 7.043e-12
2010.54 7.069e-12
2010.62 7.087e-12
2010.71 7.103e-12
2010.79 7.121e-12
2010.88 7.142e-12
2010.96 7.171e-12
2011.04 7.206e-12
2011.12 7.226e-12
2011.21 7.239e-12
2011.29 7.27e-12
2011.38 7.299e-12
2011.46 7.32e-12
2011.54 7.329e-12
2011.62 7.346e-12
2011.71 7.373e-12
2011.79 7.402e-12
2011.88 7.428e-12
2011.96 7.46e-12
2012.04 7.483e-12
2012.12 7.509e-12
2012.21 7.534e-12
2012.29 7.558e-12
2012.38 7.583e-12
2012.46 7.598e-12
2012.54 7.615e-12
2012.62 7.633e-12
2012.71 7.656e-12
2012.79 7.689e-12
2012.88 7.726e-12
2012.96 7.759e-12
2013.04 7.789e-12
2013.12 7.82e-12
2013.21 7.84e-12
2013.29 7.858e-12
2013.38 7.886e-12
2013.46 7.915e-12
2013.54 7.936e-12
2013.62 7.959e-12
2013.71 7.999e-12
2013.79 8.028e-12
2013.88 8.044e-12
2013.96 8.072e-12
2014.04 8.096e-12
2014.12 8.121e-12
2014.21 8.148e-12
2014.29 8.185e-12
2014.38 8.215e-12
2014.46 8.244e-12
2014.54 8.268e-12
2014.62 8.297e-12
2014.71 8.334e-12
2014.79 8.37e-12
2014.88 8.411e-12
2014.96 8.436e-12
2015.04 8.454e-12
2015.12 8.474e-12
2015.21 8.518e-12
2015.29 8.542e-12
2015.38 8.558e-12
2015.46 8.574e-12
2015.54 8.59e-12
2015.62 8.616e-12
2015.71 8.649e-12
2015.79 8.697e-12
2015.88 8.725e-12
2015.96 8.748e-12
2016.04 8.761e-12
2016.12 8.791e-12
2016.21 8.832e-12
2016.29 8.876e-12
2016.38 8.908e-12
2016.46 8.926e-12
2016.54 8.935e-12
2016.62 8.938e-12
2016.71 8.964e-12
2016.79 9.017e-12
2016.88 9.057e-12
2016.96 9.084e-12
2017.04 9.117e-12
2017.12 9.138e-12
2017.21 9.163e-12
2017.29 9.205e-12
2017.38 9.234e-12
2017.46 9.253e-12
2017.54 9.258e-12
2017.62 9.298e-12
2017.71 9.339e-12
2017.79 9.379e-12
2017.88 9.402e-12
2017.96 9.43e-12
2018.04 9.464e-12
2018.12 9.497e-12
2018.21 9.521e-12
2018.29 9.543e-12
2018.38 9.573e-12
2018.46 9.597e-12
2018.54 9.62e-12
2018.62 9.634e-12
2018.71 9.665e-12
2018.79 9.719e-12
2018.88 9.769e-12
2018.96 9.795e-12
2019.04 9.816e-12
2019.12 9.837e-12
2019.21 9.863e-12
2019.29 9.893e-12
2019.38 9.918e-12
2019.46 9.938e-12
2019.54 9.964e-12
2019.62 9.993e-12
2019.71 1.0024e-11
2019.79 1.0053e-11
2019.88 1.0085e-11
2019.96 1.012e-11
2020.04 1.0143e-11
2020.12 1.0165e-11
2020.21 1.018e-11
2020.29 1.0208e-11
2020.38 1.0237e-11
2020.46 1.0263e-11
2020.54 1.0286e-11
2020.62 1.032e-11
2020.71 1.0357e-11
2020.79 1.0386e-11
2020.88 1.0411e-11
2020.96 1.0438e-11
2021.04 1.0477e-11
2021.12 1.0508e-11
2021.21 1.0543e-11
2021.29 1.0582e-11
2021.38 1.062e-11
2021.46 1.0642e-11
2021.54 1.0669e-11
2021.62 1.0703e-11
2021.71 1.0744e-11
2021.79 1.0777e-11
2021.88 1.0818e-11
2021.96 1.0853e-11
2022.04 1.0882e-11
2022.12 1.0907e-11
2022.21 1.0945e-11
2022.29 1.0983e-11
2022.38 1.1019e-11
2022.46 1.1041e-11
2022.54 1.1051e-11
2022.62 1.107e-11
2022.71 1.1113e-11
2022.79 1.1146e-11
2022.88 1.1184e-11
2022.96 1.1222e-11
2023.04 1.1287e-11
2023.12 1.138e-11
2023.21 1.1353e-11
