1977.71 2.5126e-10
1977.79 2.54201e-10
1977.88 2.56937e-10
1977.96 2.59624e-10
1978.04 2.62191e-10
1978.12 2.64081e-10
1978.21 2.65343e-10
1978.29 2.67613e-10
1978.38 2.69392e-10
1978.46 2.71091e-10
1978.54 2.72208e-10
1978.62 2.72884e-10
1978.71 2.73629e-10
1978.79 2.74788e-10
1978.88 2.76337e-10
1978.96 2.78021e-10
1979.04 2.79358e-10
1979.12 2.80109e-10
1979.21 2.80734e-10
1979.29 2.81684e-10
1979.38 2.82705e-10
1979.46 2.83732e-10
1979.54 2.85376e-10
1979.62 2.87863e-10
1979.71 2.90641e-10
1979.79 2.93104e-10
1979.88 2.95e-10
1979.96 2.96464e-10
1980.04 2.97956e-10
1980.12 2.99487e-10
1980.21 3.00398e-10
1980.29 3.0065e-10
1980.38 3.00977e-10
1980.46 3.01731e-10
1980.54 3.02668e-10
1980.62 3.03376e-10
1980.71 3.03464e-10
1980.79 3.03229e-10
1980.88 3.03484e-10
1980.96 3.0458e-10
1981.04 3.06354e-10
1981.12 3.08755e-10
1981.21 3.11804e-10
1981.29 3.15256e-10
1981.38 3.18525e-10
1981.46 3.21022e-10
1981.54 3.2271e-10
1981.62 3.2377e-10
1981.71 3.24305e-10
1981.79 3.24784e-10
1981.88 3.25887e-10
1981.96 3.27603e-10
1982.04 3.29457e-10
1982.12 3.31092e-10
1982.21 3.32047e-10
1982.29 3.32327e-10
1982.38 3.32665e-10
1982.46 3.33505e-10
1982.54 3.34809e-10
1982.62 3.36479e-10
1982.71 3.38188e-10
1982.79 3.39655e-10
1982.88 3.41055e-10
1982.96 3.42598e-10
1983.04 3.44268e-10
1983.12 3.45813e-10
1983.21 3.47011e-10
1983.29 3.47992e-10
1983.38 3.48895e-10
1983.46 3.49893e-10
1983.54 3.51576e-10
1983.62 3.54235e-10
1983.71 3.57146e-10
1983.79 3.59743e-10
1983.88 3.61904e-10
1983.96 3.63264e-10
1984.04 3.63631e-10
1984.12 3.63548e-10
1984.21 3.63514e-10
1984.29 3.63568e-10
1984.38 3.64034e-10
1984.46 3.65104e-10
1984.54 3.66508e-10
1984.62 3.68038e-10
1984.71 3.69852e-10
1984.79 3.71938e-10
1984.88 3.73985e-10
1984.96 3.75475e-10
1985.04 3.75981e-10
1985.12 3.75876e-10
1985.21 3.76251e-10
1985.29 3.77348e-10
1985.38 3.78548e-10
1985.46 3.8016e-10
1985.54 3.82881e-10
1985.62 3.86208e-10
1985.71 3.89443e-10
1985.79 3.92236e-10
1985.88 3.93797e-10
1985.96 3.94366e-10
1986.04 3.95283e-10
1986.12 3.96753e-10
1986.21 3.98099e-10
1986.29 3.99287e-10
1986.38 4.00467e-10
1986.46 4.0153e-10
1986.54 4.02585e-10
1986.62 4.03832e-10
1986.71 4.0558e-10
1986.79 4.07594e-10
1986.88 4.09246e-10
1986.96 4.10653e-10
1987.04 4.12611e-10
1987.12 4.15266e-10
1987.21 4.17958e-10
1987.29 4.19813e-10
1987.38 4.20116e-10
1987.46 4.20239e-10
1987.54 4.21704e-10
1987.62 4.24514e-10
1987.71 4.27244e-10
1987.79 4.3068e-10
1987.88 4.33975e-10
1987.96 4.36566e-10
1988.04 4.38915e-10
1988.12 4.41357e-10
1988.21 4.42807e-10
1988.29 4.43459e-10
1988.38 4.4411e-10
1988.46 4.44984e-10
1988.54 4.46891e-10
1988.62 4.48987e-10
1988.71 4.51466e-10
1988.79 4.54307e-10
1988.88 4.57025e-10
1988.96 4.5891e-10
1989.04 4.59841e-10
1989.12 4.60303e-10
1989.21 4.61011e-10
1989.29 4.62277e-10
1989.38 4.63327e-10
1989.46 4.64426e-10
1989.54 4.66176e-10
1989.62 4.68737e-10
1989.71 4.71059e-10
1989.79 4.73118e-10
1989.88 4.74656e-10
1989.96 4.76241e-10
1990.04 4.77091e-10
1990.12 4.77625e-10
1990.21 4.77737e-10
1990.29 4.78449e-10
1990.38 4.792e-10
1990.46 4.80399e-10
1990.54 4.8113e-10
1990.62 4.82497e-10
1990.71 4.8444e-10
1990.79 4.86358e-10
1990.88 4.87733e-10
1990.96 4.88754e-10
1991.04 4.89684e-10
1991.12 4.90419e-10
1991.21 4.91124e-10
1991.29 4.91746e-10
1991.38 4.9124e-10
1991.46 4.92531e-10
1991.54 4.93695e-10
1991.62 4.94514e-10
1991.71 4.95584e-10
1991.79 4.9727e-10
1991.88 4.98582e-10
1991.96 4.98921e-10
1992.04 4.99943e-10
1992.12 5.01732e-10
1992.21 5.02878e-10
1992.29 5.03658e-10
1992.38 5.04832e-10
1992.46 5.0593e-10
1992.54 5.06736e-10
1992.62 5.07913e-10
1992.71 5.08821e-10
1992.79 5.09016e-10
1992.88 5.09494e-10
1992.96 5.1016e-10
1993.04 5.09995e-10
1993.12 5.09444e-10
1993.21 5.09388e-10
1993.29 5.09718e-10
1993.38 5.10581e-10
1993.46 5.11767e-10
1993.54 5.12669e-10
1993.62 5.13483e-10
1993.71 5.13922e-10
1993.79 5.13897e-10
1993.88 5.13981e-10
1993.96 5.14381e-10
1994.04 5.14707e-10
1994.12 5.14983e-10
1994.21 5.15264e-10
1994.29 5.15177e-10
1994.38 5.1501e-10
1994.46 5.1522e-10
1994.54 5.15969e-10
1994.62 5.16789e-10
1994.71 5.17657e-10
1994.79 5.18762e-10
1994.88 5.19958e-10
1994.96 5.20685e-10
1995.04 5.20815e-10
1995.12 5.2062e-10
1995.21 5.21351e-10
1995.29 5.227e-10
1995.38 5.23634e-10
1995.46 5.23568e-10
1995.54 5.24094e-10
1995.62 5.24742e-10
1995.71 5.25188e-10
1995.79 5.25739e-10
1995.88 5.26287e-10
1995.96 5.27123e-10
1996.04 5.27925e-10
1996.12 5.28872e-10
1996.21 5.28463e-10
1996.29 5.2833e-10
1996.38 5.28812e-10
1996.46 5.29204e-10
1996.54 5.29451e-10
1996.62 5.30101e-10
1996.71 5.3073e-10
1996.79 5.31121e-10
1996.88 5.317e-10
1996.96 5.32291e-10
1997.04 5.32437e-10
1997.12 5.32659e-10
1997.21 5.32746e-10
1997.29 5.3263e-10
1997.38 5.32765e-10
1997.46 5.33176e-10
1997.54 5.33416e-10
1997.62 5.33909e-10
1997.71 5.34849e-10
1997.79 5.35378e-10
1997.88 5.35464e-10
1997.96 5.35483e-10
1998.04 5.35525e-10
1998.12 5.35496e-10
1998.21 5.35323e-10
1998.29 5.35329e-10
1998.38 5.35607e-10
1998.46 5.35988e-10
1998.54 5.36101e-10
1998.62 5.36593e-10
1998.71 5.37298e-10
1998.79 5.38463e-10
1998.88 5.3855e-10
1998.96 5.38878e-10
1999.04 5.38929e-10
1999.12 5.39032e-10
1999.21 5.39072e-10
1999.29 5.38945e-10
1999.38 5.3903e-10
1999.46 5.38962e-10
1999.54 5.39087e-10
1999.62 5.39286e-10
1999.71 5.3971e-10
1999.79 5.40148e-10
1999.88 5.40568e-10
1999.96 5.40983e-10
2000.04 5.41164e-10
2000.12 5.41131e-10
2000.21 5.40971e-10
2000.29 5.41308e-10
2000.38 5.41676e-10
2000.46 5.42061e-10
2000.54 5.41878e-10
2000.62 5.41546e-10
2000.71 5.41592e-10
2000.79 5.4213e-10
2000.88 5.42376e-10
2000.96 5.42414e-10
2001.04 5.42551e-10
2001.12 5.4251e-10
2001.21 5.42155e-10
2001.29 5.41998e-10
2001.38 5.42036e-10
2001.46 5.4209e-10
2001.54 5.42088e-10
2001.62 5.42179e-10
2001.71 5.42268e-10
2001.79 5.42802e-10
2001.88 5.43303e-10
2001.96 5.43541e-10
2002.04 5.43502e-10
2002.12 5.4374e-10
2002.21 5.43316e-10
2002.29 5.43003e-10
2002.38 5.42874e-10
2002.46 5.43124e-10
2002.54 5.43016e-10
2002.62 5.42647e-10
2002.71 5.42814e-10
2002.79 5.43357e-10
2002.88 5.43544e-10
2002.96 5.43228e-10
2003.04 5.42915e-10
2003.12 5.43015e-10
2003.21 5.43103e-10
2003.29 5.42915e-10
2003.38 5.42293e-10
2003.46 5.42133e-10
2003.54 5.42128e-10
2003.62 5.42374e-10
2003.71 5.4257e-10
2003.79 5.4306e-10
2003.88 5.43363e-10
2003.96 5.43313e-10
2004.04 5.43085e-10
2004.12 5.42997e-10
2004.21 5.42937e-10
2004.29 5.42545e-10
2004.38 5.42228e-10
2004.46 5.42039e-10
2004.54 5.4203e-10
2004.62 5.41844e-10
2004.71 5.41695e-10
2004.79 5.42168e-10
2004.88 5.42494e-10
2004.96 5.42399e-10
2005.04 5.42156e-10
2005.12 5.42263e-10
2005.21 5.42133e-10
2005.29 5.4166e-10
2005.38 5.41252e-10
2005.46 5.41019e-10
2005.54 5.4098e-10
2005.62 5.40916e-10
2005.71 5.41167e-10
2005.79 5.41476e-10
2005.88 5.41719e-10
2005.96 5.41727e-10
2006.04 5.4149e-10
2006.12 5.41084e-10
2006.21 5.40702e-10
2006.29 5.4058e-10
2006.38 5.40285e-10
2006.46 5.39956e-10
2006.54 5.39641e-10
2006.62 5.39515e-10
2006.71 5.39437e-10
2006.79 5.39485e-10
2006.88 5.39533e-10
2006.96 5.39392e-10
2007.04 5.39199e-10
2007.12 5.39056e-10
2007.21 5.38932e-10
2007.29 5.38513e-10
2007.38 5.38026e-10
2007.46 5.37468e-10
2007.54 5.37257e-10
2007.62 5.37199e-10
2007.71 5.37355e-10
2007.79 5.37355e-10
2007.88 5.37144e-10
2007.96 5.36916e-10
2008.04 5.36823e-10
2008.12 5.3651e-10
2008.21 5.35997e-10
2008.29 5.35774e-10
2008.38 5.35546e-10
2008.46 5.35252e-10
2008.54 5.34891e-10
2008.62 5.35023e-10
2008.71 5.35045e-10
2008.79 5.35016e-10
2008.88 5.35009e-10
2008.96 5.35122e-10
2009.04 5.34953e-10
2009.12 5.34745e-10
2009.21 5.34225e-10
2009.29 5.33626e-10
2009.38 5.33218e-10
2009.46 5.32687e-10
2009.54 5.3228e-10
2009.62 5.32222e-10
2009.71 5.32111e-10
2009.79 5.31909e-10
2009.88 5.32003e-10
2009.96 5.31677e-10
2010.04 5.31066e-10
2010.12 5.30601e-10
2010.21 5.30417e-10
2010.29 5.29945e-10
2010.38 5.29506e-10
2010.46 5.29388e-10
2010.54 5.29177e-10
2010.62 5.28821e-10
2010.71 5.28604e-10
2010.79 5.28733e-10
2010.88 5.28471e-10
2010.96 5.28465e-10
2011.04 5.28159e-10
2011.12 5.27917e-10
2011.21 5.27425e-10
2011.29 5.27259e-10
2011.38 5.26927e-10
2011.46 5.26686e-10
2011.54 5.26271e-10
2011.62 5.26057e-10
2011.71 5.26234e-10
2011.79 5.26266e-10
2011.88 5.25997e-10
2011.96 5.25654e-10
2012.04 5.25648e-10
2012.12 5.255e-10
2012.21 5.25395e-10
2012.29 5.24769e-10
2012.38 5.2437e-10
2012.46 5.2406e-10
2012.54 5.23828e-10
2012.62 5.23435e-10
2012.71 5.23363e-10
2012.79 5.22981e-10
2012.88 5.22807e-10
2012.96 5.22794e-10
2013.04 5.22658e-10
2013.12 5.22098e-10
2013.21 5.21641e-10
2013.29 5.21297e-10
2013.38 5.21129e-10
2013.46 5.20769e-10
2013.54 5.20319e-10
2013.62 5.19986e-10
2013.71 5.1999e-10
2013.79 5.19738e-10
2013.88 5.19477e-10
2013.96 5.19244e-10
2014.04 5.19088e-10
2014.12 5.18938e-10
2014.21 5.18769e-10
2014.29 5.18505e-10
2014.38 5.18083e-10
2014.46 5.1752e-10
2014.54 5.17123e-10
2014.62 5.17212e-10
2014.71 5.17248e-10
2014.79 5.17158e-10
2014.88 5.16979e-10
2014.96 5.16853e-10
2015.04 5.16607e-10
2015.12 5.16183e-10
2015.21 5.15981e-10
2015.29 5.15892e-10
2015.38 5.1531e-10
2015.46 5.14647e-10
2015.54 5.14264e-10
2015.62 5.13974e-10
2015.71 5.13899e-10
2015.79 5.13943e-10
2015.88 5.13792e-10
2015.96 5.13612e-10
2016.04 5.13535e-10
2016.12 5.13392e-10
2016.21 5.13121e-10
2016.29 5.12882e-10
2016.38 5.1264e-10
2016.46 5.12228e-10
2016.54 5.11778e-10
2016.62 5.11415e-10
2016.71 5.11128e-10
2016.79 5.10719e-10
2016.88 5.10316e-10
2016.96 5.1013e-10
2017.04 5.09898e-10
2017.12 5.09615e-10
2017.21 5.09302e-10
2017.29 5.09017e-10
2017.38 5.08501e-10
2017.46 5.08343e-10
2017.54 5.08186e-10
2017.62 5.08055e-10
2017.71 5.07839e-10
2017.79 5.07712e-10
2017.88 5.07541e-10
2017.96 5.07336e-10
2018.04 5.07199e-10
2018.12 5.07228e-10
2018.21 5.07099e-10
2018.29 5.06712e-10
2018.38 5.0619e-10
2018.46 5.05734e-10
2018.54 5.05197e-10
2018.62 5.04844e-10
2018.71 5.04515e-10
2018.79 5.04435e-10
2018.88 5.04352e-10
2018.96 5.04013e-10
2019.04 5.03516e-10
2019.12 5.03179e-10
2019.21 5.02804e-10
2019.29 5.02322e-10
2019.38 5.01911e-10
2019.46 5.01539e-10
2019.54 5.01013e-10
2019.62 5.00564e-10
2019.71 5.00215e-10
2019.79 5.00043e-10
2019.88 4.997e-10
2019.96 4.99363e-10
2020.04 4.98925e-10
2020.12 4.98506e-10
2020.21 4.98102e-10
2020.29 4.97909e-10
2020.38 4.97639e-10
2020.46 4.97313e-10
2020.54 4.96949e-10
2020.62 4.96788e-10
2020.71 4.96741e-10
2020.79 4.96332e-10
2020.88 4.95751e-10
2020.96 4.9535e-10
2021.04 4.95276e-10
2021.12 4.9522e-10
2021.21 4.94943e-10
2021.29 4.94278e-10
2021.38 4.9363e-10
2021.46 4.93249e-10
2021.54 4.92897e-10
2021.62 4.92463e-10
2021.71 4.92089e-10
2021.79 4.91878e-10
2021.88 4.91846e-10
2021.96 4.91731e-10
2022.04 4.91552e-10
2022.12 4.9133e-10
2022.21 4.91103e-10
2022.29 4.90674e-10
2022.38 4.90201e-10
2022.46 4.89854e-10
2022.54 4.895e-10
2022.62 4.89214e-10
2022.71 4.88809e-10
2022.79 4.88615e-10
2022.88 4.88318e-10
2022.96 4.88175e-10
2023.04 4.87585e-10
