1989.21 1.07152e-10
1989.29 1.07228e-10
1989.38 1.07287e-10
1989.46 1.07286e-10
1989.54 1.07046e-10
1989.62 1.06991e-10
1989.71 1.07243e-10
1989.79 1.07557e-10
1989.88 1.07572e-10
1989.96 1.0771e-10
1990.04 1.07838e-10
1990.12 1.07998e-10
1990.21 1.08092e-10
1990.29 1.0792e-10
1990.38 1.07714e-10
1990.46 1.07613e-10
1990.54 1.07443e-10
1990.62 1.07376e-10
1990.71 1.0764e-10
1990.79 1.07858e-10
1990.88 1.07989e-10
1990.96 1.08019e-10
1991.04 1.08144e-10
1991.12 1.08197e-10
1991.21 1.08089e-10
1991.29 1.08111e-10
1991.38 1.08113e-10
1991.46 1.07945e-10
1991.54 1.0766e-10
1991.62 1.07536e-10
1991.71 1.07496e-10
1991.79 1.07615e-10
1991.88 1.07675e-10
1991.96 1.07593e-10
1992.04 1.07714e-10
1992.12 1.07923e-10
1992.21 1.07848e-10
1992.29 1.07584e-10
1992.38 1.07587e-10
1992.46 1.07631e-10
1992.54 1.07564e-10
1992.62 1.07464e-10
1992.71 1.07413e-10
1992.79 1.0734e-10
1992.88 1.07355e-10
1992.96 1.07422e-10
1993.04 1.07341e-10
1993.12 1.07276e-10
1993.21 1.07332e-10
1993.29 1.07109e-10
1993.38 1.06822e-10
1993.46 1.06665e-10
1993.54 1.06621e-10
1993.62 1.06567e-10
1993.71 1.06659e-10
1993.79 1.0643e-10
1993.88 1.06222e-10
1993.96 1.06154e-10
1994.04 1.06152e-10
1994.12 1.06044e-10
1994.21 1.06075e-10
1994.29 1.06034e-10
1994.38 1.05859e-10
1994.46 1.05678e-10
1994.54 1.05645e-10
1994.62 1.05681e-10
1994.71 1.05713e-10
1994.79 1.05643e-10
1994.88 1.05701e-10
1994.96 1.05567e-10
1995.04 1.05458e-10
1995.12 1.05357e-10
1995.21 1.05403e-10
1995.29 1.05316e-10
1995.38 1.05298e-10
1995.46 1.05239e-10
1995.54 1.0509e-10
1995.62 1.04838e-10
1995.71 1.04548e-10
1995.79 1.04356e-10
1995.88 1.04685e-10
1995.96 1.04557e-10
1996.04 1.04291e-10
1996.12 1.04301e-10
1996.21 1.04356e-10
1996.29 1.04227e-10
1996.38 1.04093e-10
1996.46 1.04102e-10
1996.54 1.04009e-10
1996.62 1.03882e-10
1996.71 1.03873e-10
1996.79 1.03775e-10
1996.88 1.03596e-10
1996.96 1.0351e-10
1997.04 1.03454e-10
1997.12 1.03391e-10
1997.21 1.03437e-10
1997.29 1.03369e-10
1997.38 1.03275e-10
1997.46 1.03156e-10
1997.54 1.02992e-10
1997.62 1.02839e-10
1997.71 1.0278e-10
1997.79 1.02767e-10
1997.88 1.02697e-10
1997.96 1.02625e-10
1998.04 1.02659e-10
1998.12 1.02766e-10
1998.21 1.02565e-10
1998.29 1.02294e-10
1998.38 1.02211e-10
1998.46 1.02248e-10
1998.54 1.02109e-10
1998.62 1.01971e-10
1998.71 1.01824e-10
1998.79 1.01917e-10
1998.88 1.02078e-10
1998.96 1.01941e-10
1999.04 1.0178e-10
1999.12 1.01631e-10
1999.21 1.01618e-10
1999.29 1.01528e-10
1999.38 1.01358e-10
1999.46 1.01023e-10
1999.54 1.00843e-10
1999.62 1.00718e-10
1999.71 1.00712e-10
1999.79 1.00687e-10
1999.88 1.00697e-10
1999.96 1.00681e-10
2000.04 1.00614e-10
2000.12 1.00429e-10
2000.21 1.0019e-10
2000.29 1.00012e-10
2000.38 9.9865e-11
2000.46 9.9637e-11
2000.54 9.9531e-11
2000.62 9.9459e-11
2000.71 9.9429e-11
2000.79 9.945e-11
2000.88 9.9562e-11
2000.96 9.9639e-11
2001.04 9.9487e-11
2001.12 9.9267e-11
2001.21 9.9021e-11
2001.29 9.899e-11
2001.38 9.8902e-11
2001.46 9.8712e-11
2001.54 9.8504e-11
2001.62 9.8458e-11
2001.71 9.8515e-11
2001.79 9.8452e-11
2001.88 9.8361e-11
2001.96 9.8297e-11
2002.04 9.8232e-11
2002.12 9.8179e-11
2002.21 9.806e-11
2002.29 9.7824e-11
2002.38 9.7625e-11
2002.46 9.7583e-11
2002.54 9.7435e-11
2002.62 9.7308e-11
2002.71 9.7339e-11
2002.79 9.742e-11
2002.88 9.7439e-11
2002.96 9.7306e-11
2003.04 9.7073e-11
2003.12 9.6917e-11
2003.21 9.6871e-11
2003.29 9.6755e-11
2003.38 9.665e-11
2003.46 9.6581e-11
2003.54 9.6436e-11
2003.62 9.6298e-11
2003.71 9.6233e-11
2003.79 9.6191e-11
2003.88 9.6181e-11
2003.96 9.6108e-11
2004.04 9.5975e-11
2004.12 9.5825e-11
2004.21 9.5741e-11
2004.29 9.5713e-11
2004.38 9.5668e-11
2004.46 9.5525e-11
2004.54 9.5434e-11
2004.62 9.537e-11
2004.71 9.5233e-11
2004.79 9.5086e-11
2004.88 9.5076e-11
2004.96 9.517e-11
2005.04 9.5129e-11
2005.12 9.5001e-11
2005.21 9.4913e-11
2005.29 9.4841e-11
2005.38 9.4668e-11
2005.46 9.4478e-11
2005.54 9.4319e-11
2005.62 9.4199e-11
2005.71 9.4129e-11
2005.79 9.4101e-11
2005.88 9.4187e-11
2005.96 9.4132e-11
2006.04 9.3929e-11
2006.12 9.374e-11
2006.21 9.3624e-11
2006.29 9.3506e-11
2006.38 9.3419e-11
2006.46 9.3328e-11
2006.54 9.3162e-11
2006.62 9.3014e-11
2006.71 9.2933e-11
2006.79 9.2927e-11
2006.88 9.2931e-11
2006.96 9.2904e-11
2007.04 9.2792e-11
2007.12 9.2674e-11
2007.21 9.2549e-11
2007.29 9.2418e-11
2007.38 9.2282e-11
2007.46 9.2197e-11
2007.54 9.2111e-11
2007.62 9.2057e-11
2007.71 9.1877e-11
2007.79 9.1755e-11
2007.88 9.1652e-11
2007.96 9.1601e-11
2008.04 9.1507e-11
2008.12 9.1416e-11
2008.21 9.1191e-11
2008.29 9.1049e-11
2008.38 9.0972e-11
2008.46 9.0717e-11
2008.54 9.045e-11
2008.62 9.0256e-11
2008.71 9.0179e-11
2008.79 9.0115e-11
2008.88 9.0082e-11
2008.96 8.9966e-11
2009.04 8.9841e-11
2009.12 8.9728e-11
2009.21 8.958e-11
2009.29 8.9426e-11
2009.38 8.9329e-11
2009.46 8.9225e-11
2009.54 8.9103e-11
2009.62 8.908e-11
2009.71 8.9108e-11
2009.79 8.912e-11
2009.88 8.9112e-11
2009.96 8.9072e-11
2010.04 8.8926e-11
2010.12 8.8783e-11
2010.21 8.8694e-11
2010.29 8.8669e-11
2010.38 8.8535e-11
2010.46 8.8351e-11
2010.54 8.8245e-11
2010.62 8.819e-11
2010.71 8.8127e-11
2010.79 8.8051e-11
2010.88 8.7914e-11
2010.96 8.7854e-11
2011.04 8.7758e-11
2011.12 8.7624e-11
2011.21 8.7426e-11
2011.29 8.7259e-11
2011.38 8.7066e-11
2011.46 8.6998e-11
2011.54 8.6864e-11
2011.62 8.6722e-11
2011.71 8.6637e-11
2011.79 8.6672e-11
2011.88 8.6636e-11
2011.96 8.6576e-11
2012.04 8.6383e-11
2012.12 8.6268e-11
2012.21 8.6137e-11
2012.29 8.6068e-11
2012.38 8.6067e-11
2012.46 8.6015e-11
2012.54 8.583e-11
2012.62 8.5651e-11
2012.71 8.5621e-11
2012.79 8.5576e-11
2012.88 8.5564e-11
2012.96 8.5442e-11
2013.04 8.539e-11
2013.12 8.5365e-11
2013.21 8.5234e-11
2013.29 8.5089e-11
2013.38 8.505e-11
2013.46 8.4915e-11
2013.54 8.4747e-11
2013.62 8.4639e-11
2013.71 8.4584e-11
2013.79 8.4461e-11
2013.88 8.4379e-11
2013.96 8.4289e-11
2014.04 8.4324e-11
2014.12 8.4266e-11
2014.21 8.4072e-11
2014.29 8.3872e-11
2014.38 8.3801e-11
2014.46 8.37e-11
2014.54 8.3574e-11
2014.62 8.3454e-11
2014.71 8.3391e-11
2014.79 8.3388e-11
2014.88 8.3357e-11
2014.96 8.3238e-11
2015.04 8.3157e-11
2015.12 8.3027e-11
2015.21 8.2804e-11
2015.29 8.2635e-11
2015.38 8.2507e-11
2015.46 8.2399e-11
2015.54 8.2301e-11
2015.62 8.2227e-11
2015.71 8.2149e-11
2015.79 8.2104e-11
2015.88 8.2064e-11
2015.96 8.1953e-11
2016.04 8.1795e-11
2016.12 8.1733e-11
2016.21 8.1614e-11
2016.29 8.1455e-11
2016.38 8.1412e-11
2016.46 8.1358e-11
2016.54 8.1094e-11
2016.62 8.1055e-11
2016.71 8.1096e-11
2016.79 8.1078e-11
2016.88 8.1052e-11
2016.96 8.1082e-11
2017.04 8.0965e-11
2017.12 8.0778e-11
2017.21 8.0633e-11
2017.29 8.0426e-11
2017.38 8.0372e-11
2017.46 8.0327e-11
2017.54 8.019e-11
2017.62 7.9951e-11
2017.71 7.9999e-11
2017.79 8.0052e-11
2017.88 8.0041e-11
2017.96 7.9949e-11
2018.04 7.9894e-11
2018.12 7.959e-11
2018.21 7.9391e-11
2018.29 7.9397e-11
2018.38 7.9446e-11
2018.46 7.9297e-11
2018.54 7.9179e-11
2018.62 7.8902e-11
2018.71 7.8818e-11
2018.79 7.9012e-11
2018.88 7.9159e-11
2018.96 7.9003e-11
2019.04 7.8855e-11
2019.12 7.8895e-11
2019.21 7.8883e-11
2019.29 7.8859e-11
2019.38 7.8745e-11
2019.46 7.8605e-11
2019.54 7.8366e-11
2019.62 7.8265e-11
2019.71 7.8193e-11
2019.79 7.8076e-11
2019.88 7.7939e-11
2019.96 7.7772e-11
2020.04 7.7576e-11
2020.12 7.7499e-11
2020.21 7.7569e-11
2020.29 7.7552e-11
2020.38 7.735e-11
2020.46 7.7246e-11
2020.54 7.7158e-11
2020.62 7.7124e-11
2020.71 7.7064e-11
2020.79 7.7147e-11
2020.88 7.714e-11
2020.96 7.6889e-11
2021.04 7.662e-11
2021.12 7.6594e-11
2021.21 7.6524e-11
2021.29 7.6464e-11
2021.38 7.6455e-11
2021.46 7.6325e-11
2021.54 7.6184e-11
2021.62 7.6121e-11
2021.71 7.5983e-11
2021.79 7.5784e-11
2021.88 7.5755e-11
2021.96 7.5776e-11
2022.04 7.5759e-11
2022.12 7.5658e-11
2022.21 7.5523e-11
2022.29 7.5374e-11
2022.38 7.5205e-11
2022.46 7.5065e-11
2022.54 7.4938e-11
2022.62 7.4742e-11
2022.71 7.455e-11
2022.79 7.4537e-11
2022.88 7.4513e-11
